# Created by Octave 5.1.0, Wed Sep 18 14:28:43 2019 GMT <unknown@DESKTOP-8DQIF4N>
# name: p12
# type: matrix
# rows: 
# columns: 1
 1
 2
 3


