# Created by Octave 5.1.0, Wed Sep 18 14:33:35 2019 GMT <unknown@DESKTOP-8DQIF4N>
# name: p123
# type: matrix
# rows: 3
# columns: 1
 1
 2
 3


