# Created by Octave 5.1.0, Wed Sep 18 14:25:46 2019 GMT <unknown@DESKTOP-8DQIF4N>
# name: p3
# type: scalar
2


