# Created by Octave 5.1.0, Wed Sep 18 14:40:20 2019 GMT <unknown@DESKTOP-8DQIF4N>
# name: p1235
# type: matrix
# rows: 4
# columns: 1
 1
 2
 3
 5


