# Created by Octave 5.1.0, Wed Sep 18 14:39:50 2019 GMT <unknown@DESKTOP-8DQIF4N>
# name: p1234
# type: matrix
# rows: 4
# columns: 1
 1
 2
 3
 4


