# Created by Octave 5.1.0, Wed Sep 18 14:42:11 2019 GMT <unknown@DESKTOP-8DQIF4N>
# name: p12345
# type: matrix
# rows: 5
# columns: 1
 1
 2
 3
 4
 5


