# Created by Octave 5.1.0, Wed Sep 18 14:40:56 2019 GMT <unknown@DESKTOP-8DQIF4N>
# name: p1245
# type: matrix
# rows: 4
# columns: 1
 1
 2
 4
 5


