# Created by Octave 5.1.0, Wed Sep 18 14:41:26 2019 GMT <unknown@DESKTOP-8DQIF4N>
# name: p1345
# type: matrix
# rows: 4
# columns: 1
 1
 3
 4
 5


