# Created by Octave 5.1.0, Wed Sep 18 14:35:37 2019 GMT <unknown@DESKTOP-8DQIF4N>
# name: p135
# type: matrix
# rows: 3
# columns: 1
 1
 3
 5


