# Created by Octave 5.1.0, Wed Sep 18 14:29:22 2019 GMT <unknown@DESKTOP-8DQIF4N>
# name: p14
# type: matrix
# rows: 2
# columns: 1
 1
 4


