# Created by Octave 5.1.0, Wed Sep 18 14:36:21 2019 GMT <unknown@DESKTOP-8DQIF4N>
# name: p145
# type: matrix
# rows: 3
# columns: 1
 1
 4
 5


