# Created by Octave 5.1.0, Wed Sep 18 14:37:21 2019 GMT <unknown@DESKTOP-8DQIF4N>
# name: p234
# type: matrix
# rows: 3
# columns: 1
 2
 3
 4


