# Created by Octave 5.1.0, Wed Sep 18 14:41:49 2019 GMT <unknown@DESKTOP-8DQIF4N>
# name: p2345
# type: matrix
# rows: 4
# columns: 1
 2
 3
 4
 5


