# Created by Octave 5.1.0, Wed Sep 18 14:38:54 2019 GMT <unknown@DESKTOP-8DQIF4N>
# name: p245
# type: matrix
# rows: 3
# columns: 1
 2
 4
 5


