# Created by Octave 5.1.0, Wed Sep 18 14:31:19 2019 GMT <unknown@DESKTOP-8DQIF4N>
# name: p25
# type: matrix
# rows: 2
# columns: 1
 2
 5


