# Created by Octave 5.1.0, Wed Sep 18 14:31:45 2019 GMT <unknown@DESKTOP-8DQIF4N>
# name: p34
# type: matrix
# rows: 2
# columns: 1
 2
 4


