# Created by Octave 5.1.0, Wed Sep 18 14:39:17 2019 GMT <unknown@DESKTOP-8DQIF4N>
# name: p345
# type: matrix
# rows: 3
# columns: 1
 3
 4
 5


