# Created by Octave 5.1.0, Wed Sep 18 14:32:28 2019 GMT <unknown@DESKTOP-8DQIF4N>
# name: p35
# type: matrix
# rows: 2
# columns: 1
 3
 5


