# Created by Octave 5.1.0, Wed Sep 18 14:32:46 2019 GMT <unknown@DESKTOP-8DQIF4N>
# name: p45
# type: matrix
# rows: 2
# columns: 1
 4
 5


