# Created by Octave 5.1.0, Wed Sep 18 14:26:41 2019 GMT <unknown@DESKTOP-8DQIF4N>
# name: p6
# type: scalar
5


