# Created by Octave 5.1.0, Wed Sep 18 14:23:53 2019 GMT <unknown@DESKTOP-8DQIF4N>
# name: p1
# type: matrix
# rows: 0
# columns: 0


