# Created by Octave 5.1.0, Wed Sep 18 14:24:46 2019 GMT <unknown@DESKTOP-8DQIF4N>
# name: p2
# type: scalar
1


